4294967278,12
4294967278,9
4294967278,5
4294967279,132
4294967279,130
4294967279,129
4294967279,126
4294967279,125
4294967279,123
4294967279,120
4294967279,118
4294967279,116
4294967279,115
4294967279,113
4294967279,112
4294967279,110
4294967279,109
4294967279,108
4294967279,106
4294967279,103
4294967279,101
4294967279,100
4294967279,98
4294967279,97
4294967279,96
4294967279,94
4294967279,92
4294967279,90
4294967279,89
4294967279,87
4294967279,85
4294967279,83
4294967279,81
4294967279,78
4294967279,77
4294967279,75
4294967279,73
4294967279,71
4294967279,69
4294967279,67
4294967279,65
4294967279,63
4294967279,62
4294967279,61
4294967279,59
4294967279,57
4294967279,56
4294967279,55
4294967279,53
4294967279,52
4294967279,51
4294967279,49
4294967279,48
4294967279,47
4294967279,45
4294967279,44
4294967279,43
4294967279,42
4294967279,41
4294967279,40
4294967279,39
4294967279,38
4294967279,35
4294967279,34
4294967279,32
4294967279,31
4294967279,30
4294967279,29
4294967279,27
4294967279,26
4294967279,22
4294967279,19
0,5
4294967294,7
4294967294,6
4294967294,22
4294967294,17
4294967294,39
4294967294,42
4294967294,67
4294967294,99
4294967294,76
4294967294,41
4294967294,43
4294967294,417
4294967294,51
4294967294,52
4294967294,82
4294967294,83
4294967278,131
4294967278,129
4294967278,126
4294967278,124
4294967278,123
4294967278,121
4294967278,118
4294967278,243
4294967278,239
4294967278,112
4294967278,227
4294967278,108
4294967278,223
4294967278,221
4294967278,105
4294967278,215
4294967278,102
4294967278,101
4294967278,99
4294967278,91
4294967278,89
4294967278,87
4294967278,82
4294967278,78
4294967278,310
4294967278,76
4294967278,74
4294967278,307
4294967278,72
4294967278,70
4294967278,68
4294967278,305
4294967278,64
4294967278,62
4294967278,302
4294967278,60
4294967278,54
4294967278,299
4294967278,51
4294967278,49
4294967278,47
4294967278,45
4294967278,297
4294967278,43
4294967278,41
4294967278,39
4294967278,36
4294967278,294
4294967278,35
4294967278,32
4294967278,31
4294967278,28
4294967278,27
4294967278,291
4294967278,272
4294967278,22
4294967278,273
4294967278,19
4294967278,281
4294967278,14
4294967278,13
4294967278,10
4294967278,278
4294967278,7
4294967278,6
4294967278,284
4294967278,174
4294967278,4
4294967279,131
4294967279,128
4294967279,127
4294967279,124
4294967279,122
4294967279,121
4294967279,247
4294967279,119
4294967279,245
4294967279,117
4294967279,114
4294967279,111
4294967279,229
4294967279,107
4294967279,105
4294967279,104
4294967279,102
4294967279,99
4294967279,95
4294967279,93
4294967279,91
4294967279,86
4294967279,84
4294967279,82
4294967279,80
4294967279,79
4294967279,76
4294967279,74
4294967279,72
4294967279,70
4294967279,68
4294967279,66
4294967279,64
4294967279,60
4294967279,58
4294967279,54
4294967279,50
4294967279,46
4294967279,37
4294967279,36
4294967279,33
4294967279,28
4294967279,25
4294967279,24
4294967279,23
4294967279,134
4294967279,290
4294967279,21
4294967279,18
4294967279,17
4294967279,16
4294967279,15
4294967279,12
4294967279,285
4294967279,11
4294967279,10
4294967279,9
4294967279,8
4294967279,7
4294967279,261
4294967279,174
4294967279,282
4294967279,4
4294967294,475
30,7
30,6
30,5
30,4
30,3
30,2
30,1
4294967278,541
4294967279,357
4294967278,540
4294967278,539
4294967278,538
4294967278,537
4294967279,356
29,5
29,4
29,3
29,2
29,1
4294967279,355
4294967278,536
4294967279,354
4294967294,1362
4294967294,1361
4294967278,535
4294967279,353
4294967278,534
28,5
28,4
28,3
28,2
28,1
4294967279,352
4294967278,533
4294967279,351
4294967278,532
4294967279,350
4294967279,349
4294967279,348
4294967279,347
4294967279,346
4294967278,531
26,5
26,4
26,3
26,2
26,1
4294967278,530
4294967279,345
4294967278,529
4294967279,344
4294967278,528
25,6
25,5
25,4
25,3
25,2
25,1
4294967278,527
4294967279,343
4294967279,342
4294967278,526
4294967279,341
4294967279,340
24,5
24,4
24,3
24,2
24,1
4294967279,339
4294967278,525
4294967279,338
4294967278,524
4294967279,337
4294967279,336
4294967278,523
23,6
23,5
23,4
23,3
23,2
23,1
4294967279,335
4294967279,334
4294967279,333
4294967278,522
4294967279,332
4294967279,331
4294967279,330
4294967278,521
4294967278,520
4294967278,519
4294967278,518
21,5
4294967279,329
21,4
4294967278,517
21,3
21,2
21,1
4294967278,516
4294967279,328
4294967279,327
4294967278,515
4294967279,326
4294967278,514
4294967279,325
4294967278,513
4294967279,324
4294967278,512
4294967278,319
4294967279,323
20,6
20,5
20,4
20,3
20,2
20,1
4294967279,322
4294967279,321
4294967279,320
4294967279,319
4294967278,318
4294967279,318
4294967278,317
4294967279,317
4294967278,316
4294967294,474
4294967279,316
4294967278,315
4294967278,314
4294967279,315
17,6
17,5
17,4
17,3
17,2
17,1
4294967279,314
4294967279,313
4294967278,313
4294967279,312
4294967279,311
4294967279,310
4294967279,309
4294967279,308
4294967279,307
4294967279,306
15,5
15,4
15,3
15,2
15,1
4294967279,305
4294967279,304
4294967279,303
4294967279,302
4294967279,301
4294967279,300
4294967279,299
13,5
4294967279,298
4294967279,297
4294967279,296
4294967279,295
4294967294,473
4294967279,294
4294967279,293
13,4
13,3
13,2
13,1
4294967294,1360
4294967294,1021
11,4
11,3
11,2
11,1
4294967294,1102
7,4
7,2
7,1
6,4
6,2
6,1
4294967279,292
4294967294,1359
5,4
4294967294,1358
4,4
4,2
4,1
4294967294,429
4294967294,1357
4294967294,187
3,4
3,2
3,1
2,4
4294967294,1356
4294967294,1022
4294967294,472
4294967294,1355
4294967294,1354
4294967279,291
4294967293,131
4294967293,130
4294967293,129
4294967293,128
4294967293,127
4294967293,126
4294967293,125
4294967293,124
4294967293,123
4294967293,122
